../../.git/annex/objects/kP/qV/SHA256E-s154142--3cc63f2a04463ffc293e69c3a1800f823f744889b953537f1894289bd0485cdd.csv/SHA256E-s154142--3cc63f2a04463ffc293e69c3a1800f823f744889b953537f1894289bd0485cdd.csv