../../.git/annex/objects/0p/GW/SHA256E-s153917--e859fdb1f2b26054a0e5f813957a04f8f177b144963aa8fd32a3b7967899cf1b.csv/SHA256E-s153917--e859fdb1f2b26054a0e5f813957a04f8f177b144963aa8fd32a3b7967899cf1b.csv