../../.git/annex/objects/zV/Pq/SHA256E-s154104--692283c5cc0f0d271d2b5317093e934df6b4dfcf78240db31e7b37e8d75b2db4.csv/SHA256E-s154104--692283c5cc0f0d271d2b5317093e934df6b4dfcf78240db31e7b37e8d75b2db4.csv