../../.git/annex/objects/34/PG/SHA256E-s153923--13be6f411802d522bb6c352317e49638b1f4c1f59cfbf5a08e2d97f3c3509d90.csv/SHA256E-s153923--13be6f411802d522bb6c352317e49638b1f4c1f59cfbf5a08e2d97f3c3509d90.csv