../../.git/annex/objects/kg/j0/SHA256E-s154077--fd1678519de19e108b1edaa573711c79d21bd0cd476cb6778dc151ed1387b28d.csv/SHA256E-s154077--fd1678519de19e108b1edaa573711c79d21bd0cd476cb6778dc151ed1387b28d.csv