../../.git/annex/objects/M4/F3/SHA256E-s154163--584e040929ac394389fa35441a6c8da5a876848d487d2eaf2077190fbe26dc88.csv/SHA256E-s154163--584e040929ac394389fa35441a6c8da5a876848d487d2eaf2077190fbe26dc88.csv