../../.git/annex/objects/gv/jj/SHA256E-s154185--34575b59fd4eb99e86c068544d54ffa84b1fce553c88b7a3dc02da402068e3c9.csv/SHA256E-s154185--34575b59fd4eb99e86c068544d54ffa84b1fce553c88b7a3dc02da402068e3c9.csv