../../.git/annex/objects/z3/5Z/SHA256E-s154174--8dc3096361e440a71ed04ac29f1a4e5bdc0f62dc2e9a9aa3a49bc16bca050bb5.csv/SHA256E-s154174--8dc3096361e440a71ed04ac29f1a4e5bdc0f62dc2e9a9aa3a49bc16bca050bb5.csv