../../.git/annex/objects/35/W6/SHA256E-s153692--b47376e94d4e722f8d892ea1549ad35fb348cbcddf95a9a924227e67f6e4bda7.csv/SHA256E-s153692--b47376e94d4e722f8d892ea1549ad35fb348cbcddf95a9a924227e67f6e4bda7.csv